% -------------------------------------------------------------------
%  MATLAB file generated by Simulink.saveVars on 8-Sep-2015 11:54:20
%  MATLAB version: 8.0.0.783 (R2012b)
% -------------------------------------------------------------------
                               

iCub_dmodel = struct;
iCub_dmodel.NB = 6;
iCub_dmodel.parent = [0 1 2 3 4 5];
iCub_dmodel.position_num = [1 2 3 4 5 6];
iCub_dmodel.pitch = [0 0 0 0 0 0];
iCub_dmodel.damping = [0.223 0.223 0.223 0.223 0.223 0.223];
iCub_dmodel.coulomb_friction = [0 0 0 0 0 0];
iCub_dmodel.static_friction = [0 0 0 0 0 0];
iCub_dmodel.coulomb_window = [2.2204460492503131E-16 2.2204460492503131E-16 ...
                              2.2204460492503131E-16 2.2204460492503131E-16 ...
                              2.2204460492503131E-16 2.2204460492503131E-16 ...
                              ];
iCub_dmodel.Xtree = cell(1, 6);
iCub_dmodel.Xtree{1} = ...
  [-1 -4.8966500924867046E-12 4.8965888601467475E-12 0 0 0;
   4.8965888601467475E-12 2.3976582465313225E-23 1 0 0 0;
   -4.8966500924867046E-12 1 2.9982959371596505E-28 0 0 0;
   -5.328198661927293E-13 0.11991299999996842 0.011099999999968409 -1 -4.8966500924867046E-12 ...
   4.8965888601467475E-12;
   0.0111 -0.0064515000005871646 -5.4352136347474211E-14 4.8965888601467475E-12 ...
   2.3976582465313225E-23 1;
   0.119913 5.8717200254035825E-13 0.006451500000054353 -4.8966500924867046E-12 ...
   1 2.9982959371596505E-28];
iCub_dmodel.Xtree{2} = ...
  [2.1073424400112274E-8 1.2246467733398513E-16 0.99999999999999978 0 0 ...
   0;
   1.2246467733398515E-16 1 -1.2246467991473527E-16 0 0 0;
   -0.99999999999999978 1.224646799147353E-16 2.1073424400112274E-8 0 0 ...
   0;
   -7.2254159627051216E-18 0.026362201243332033 -3.2284383168139829E-18 ...
   2.1073424400112274E-8 1.2246467733398513E-16 0.99999999999999978;
   -0.059 3.9969775778568895E-18 -0.026362200000000002 1.2246467733398515E-16 ...
   1 -1.2246467991473527E-16;
   -7.2254161149693818E-18 -0.058999999444458155 -3.2284383848482351E-18 ...
   -0.99999999999999978 1.224646799147353E-16 2.1073424400112274E-8];
iCub_dmodel.Xtree{3} = ...
  [-0.99999999999999978 -4.8964663954668325E-12 -2.1073424461344613E-8 ...
   0 0 0;
   2.1073424461344636E-8 -4.8961831185005544E-12 -0.99999999999999978 0 ...
   0 0;
   4.896466292287487E-12 -1 4.8961832216858687E-12 0 0 0;
   1.9449521948756313E-9 0.025504700000000012 -0.0923 -0.99999999999999978 ...
   -4.8964663954668325E-12 -2.1073424461344613E-8;
   0.092299999999875121 8.8127295992073873E-14 1.9450770777794782E-9 2.1073424461344636E-8 ...
   -4.8961831185005544E-12 -0.99999999999999978;
   -0.025504700000451921 -1.248829064768945E-13 -5.3710755231647077E-10 ...
   4.896466292287487E-12 -1 4.8961832216858687E-12];
iCub_dmodel.Xtree{4} = ...
  [6.123233995736766E-17 1 2.83276944882399E-16 0 0 0;
   0 2.83276944882399E-16 -1 0 0 0;
   -1 6.123233995736766E-17 1.7345710191123555E-32 0 0 0;
   -0.145625 1.4003763605544903E-17 -0.017957 6.123233995736766E-17 1 2.83276944882399E-16 ...
   ;
   0 -0.017957 -5.0868040992532389E-18 0 2.83276944882399E-16 -1;
   -8.9169595062916651E-18 -0.145625 -4.2351754227113804E-17 -1 6.123233995736766E-17 ...
   1.7345710191123555E-32];
iCub_dmodel.Xtree{5} = ...
  [-0.99999999971010334 -2.40788999964732E-5 -1.2246467989698427E-16 0 ...
   0 0;
   -2.40788999964732E-5 0.99999999971010334 -1.4744073903835058E-21 0 0 ...
   0;
   1.2246467989698427E-16 1.4744073903835058E-21 -1 0 0 0;
   5.1391596264934292E-7 -0.021342999993812735 -0.20099999994173079 -0.99999999971010334 ...
   -2.40788999964732E-5 -1.2246467989698427E-16;
   -0.021342999993812735 -5.1391596262472751E-7 -4.8398588992924205E-6 ...
   -2.40788999964732E-5 0.99999999971010334 -1.4744073903835058E-21;
   0.201 1.3068818313312373E-18 2.4615400659293838E-17 1.2246467989698427E-16 ...
   1.4744073903835058E-21 -1];
iCub_dmodel.Xtree{6} = ...
  [-2.1073424522576953E-8 1.2246467733398513E-16 -0.99999999999999978 0 ...
   0 0;
   -1.2246467733398515E-16 1 1.2246467991473527E-16 0 0 0;
   0.99999999999999978 1.224646799147353E-16 -2.1073424522576953E-8 0 0 ...
   0;
   -4.347496045356472E-18 -0.044562467759306564 -5.4573281437329649E-18 ...
   -2.1073424522576953E-8 1.2246467733398513E-16 -0.99999999999999978;
   -0.0355 1.1098322133810854E-18 -0.0445624670112 -1.2246467733398515E-16 ...
   1 1.2246467991473527E-16;
   -4.3474961369731027E-18 0.035499999060916207 -5.4573282587375589E-18 ...
   0.99999999999999978 1.224646799147353E-16 -2.1073424522576953E-8];
iCub_dmodel.X_joint_to_body = [];
iCub_dmodel.I = cell(1, 6);
iCub_dmodel.I{1} = ...
  [0.0031809259278203182 -1.907701008000002E-7 2.3604705074612162E-5 0 ...
   -0.049149099989999993 -3.7116E-5;
   -1.907701008000002E-7 0.0031760608175980948 3.4147339996E-6 0.049149099989999993 ...
   0 0.000499952520000003;
   2.3604705074612166E-5 3.4147339996E-6 0.000403661859057776 3.7116E-5 ...
   -0.000499952520000003 0;
   0 0.049149099989999993 3.7116E-5 0.9279 0 0;
   -0.049149099989999993 0 -0.000499952520000003 0 0.9279 0;
   -3.7116E-5 0.000499952520000003 0 0 0 0.9279];
iCub_dmodel.I{2} = ...
  [0.0025538733849419784 -2.8618955393537681E-6 -7.8807383543633693E-7 ...
   0 0.013656099580781452 -0.029002786800000173;
   -2.8618955393537676E-6 0.00068568124761292848 -0.00074103706328325651 ...
   -0.013656099580781452 3.1554082620139745E-30 3.7090372213753131E-5;
   -7.8807383543633693E-7 -0.00074103706328325651 0.0020385557620998082 ...
   0.029002786800000176 -3.7090372213753138E-5 0;
   0 -0.013656099580781452 0.029002786800000173 0.5446 -2.475571082693575E-33 ...
   1.6543612251060553E-24;
   0.013656099580781452 3.15547897975412E-30 -3.7090372213753131E-5 -2.4755708990225827E-33 ...
   0.5446 0;
   -0.029002786800000176 3.7090372213753131E-5 0 -1.6543612251060553E-24 ...
   0 0.5446];
iCub_dmodel.I{3} = ...
  [0.022092541228084732 1.0026297068992046E-5 -0.00015927366487264002 0 ...
   -0.17842674239999998 0.0074422252799999488;
   1.0026297068992046E-5 0.022091350774977422 -0.00042557736201087409 0.17842674239999998 ...
   0 0.00013278416;
   -0.00015927366487264002 -0.00042557736201087409 0.0018169160950813595 ...
   -0.0074422252799999488 -0.00013278416 0;
   0 0.17842674239999998 -0.0074422252799999488 2.2544 0 0;
   -0.17842674239999998 0 -0.00013278416 0 2.2544 0;
   0.0074422252799999488 0.00013278416 0 0 0 2.2544];
iCub_dmodel.I{4} = ...
  [0.018262875093619006 0.00020166851656548018 3.5816718452034055E-5 0 ...
   0.02009979954 -0.1424254788;
   0.00020166851656548012 0.0019563654923375317 -0.00232745509005532 -0.02009979954 ...
   0 -0.00418965806;
   3.5816718452034048E-5 -0.00232745509005532 0.017534026522339326 0.1424254788 ...
   0.00418965806 0;
   0 -0.02009979954 0.1424254788 1.7086 0 0;
   0.02009979954 0 0.00418965806 0 1.7086 0;
   -0.1424254788 -0.00418965806 0 0 0 1.7086];
iCub_dmodel.I{5} = ...
  [0.0014859912837972616 -1.9066699871106949E-6 0.00050819817828571775 ...
   0 -0.030929163100000004 -4.2292270842992322E-5;
   -1.9066699871106949E-6 0.0018583144316700188 8.3159096973041119E-7 0.030929163100000004 ...
   0 0.013537613045576309;
   0.00050819817828571775 8.3159096973041119E-7 0.00074517915422547983 ...
   4.2292270842992322E-5 -0.013537613045576309 0;
   0 0.030929163100000004 4.2292270842992322E-5 0.8929 0 0;
   -0.030929163100000004 0 -0.013537613045576309 0 0.8929 0;
   -4.2292270842992322E-5 0.013537613045576309 0 0 0 0.8929];
