% -------------------------------------------------------------------
%  MATLAB file generated by Simulink.saveVars on 15-Sep-2015 10:15:16
%  MATLAB version: 8.0.0.783 (R2012b)
% -------------------------------------------------------------------
                                             

drake_r_foot_X_urdf_r_foot = ...
  [2.1073424411552116E-8 0.99999999999999978 -5.1033853444206545E-12 0 ...
   0 0;
   -2.8489653935338962E-10 -5.1034348518741386E-12 -1.0000000000000002 ...
   0 0 0;
   -0.99999999999999978 2.1073424411552112E-8 2.848965392449694E-10 0 0 ...
   0;
   0.060300842738592951 -1.2704999671815781E-9 0.048062518974720511 2.1073424411552116E-8 ...
   0.99999999999999978 -5.1033853444206545E-12;
   4.163336342344337E-17 0.048062518991900019 -2.452812659080474E-13 -2.8489653935338962E-10 ...
   -5.1034348518741386E-12 -1.0000000000000002;
   1.2707452514048448E-9 0.060300842724899925 1.0125340829799324E-9 -0.99999999999999978 ...
   2.1073424411552112E-8 2.848965392449694E-10];

drake_r_foot_X_urdf_r_foot_acc_mtb_11B12 = ...
  [-0.99999999999999978 2.1078320994691074E-8 -5.1033853444206545E-12 0 ...
   0 0;
   5.1034348504791179E-12 -2.8489653935338962E-10 -1.0000000000000002 0 ...
   0 0;
   -2.107832099469107E-8 -0.99999999999999978 2.848965392449694E-10 0 0 ...
   0;
   1.2457024329900793E-9 0.059085334258678887 -0.055411910340285725 -0.99999999999999978 ...
   2.1078320994691074E-8 -5.1033853444206545E-12;
   0.055411910306442332 -0.00080700000026509566 5.1269950665259133E-13 ...
   5.1034348504791179E-12 -2.8489653935338962E-10 -1.0000000000000002;
   -0.059085334274469464 1.245649553090896E-9 0.00080699883197353506 -2.107832099469107E-8 ...
   -0.99999999999999978 2.848965392449694E-10];

drake_r_foot_X_urdf_r_foot_acc_mtb_11B13 = ...
  [-0.99999999999999978 2.1078320994691074E-8 -5.1033853444206545E-12 0 ...
   0 0;
   5.1034348504791179E-12 -2.8489653935338962E-10 -1.0000000000000002 0 ...
   0 0;
   -2.107832099469107E-8 -0.99999999999999978 2.848965392449694E-10 0 0 ...
   0;
   1.2455832368726165E-9 0.059085732293362718 -0.030411910554997597 -0.99999999999999978 ...
   2.1078320994691074E-8 -5.1033853444206545E-12;
   0.030411910289288351 -0.011807200000142661 3.5190339346347429E-12 5.1034348504791179E-12 ...
   -2.8489653935338962E-10 -1.0000000000000002;
   -0.059085732302087038 1.2487918619055187E-9 0.011807199358809124 -2.107832099469107E-8 ...
   -0.99999999999999978 2.848965392449694E-10];

drake_r_lower_leg_X_urdf_r_lower_leg = ...
  [6.69535288606113E-17 5.5511175208065527E-17 1 0 0 0;
   -1.0530111373669621E-16 1 -5.5511151230533838E-17 0 0 0;
   -1 -1.0530116169055352E-16 6.6953528861955079E-17 0 0 0;
   8.22932981869172E-24 -1.5077022408249545E-17 5.6362309148283434E-25 ...
   6.69535288606113E-17 5.5511175208065527E-17 1;
   -4.3368086899420177E-18 1.7039395552773855E-28 1.3877787807814457E-17 ...
   -1.0530111373669621E-16 1 -5.5511151230533838E-17;
   -1.5709123631081558E-24 -1.3010426245050728E-17 -3.1697502700152312E-17 ...
   -1 -1.0530116169055352E-16 6.6953528861955079E-17];

drake_r_lower_leg_X_urdf_r_lower_leg_acc_mtb_11B10 = ...
  [-0.00014391123638424208 -0.96592586949061465 0.25881884386256793 0 0 ...
   0;
   0.9999999889013087 -0.00014898786086545396 2.2166245143892556E-11 0 ...
   0 0;
   3.8560844487895029E-5 0.25881884099002056 0.9659258802111288 0 0 0;
   -0.028588930886935364 -0.012957906078483648 -0.048375499933367372 -0.00014391123638424208 ...
   -0.96592586949061465 0.25881884386256793;
   -5.1133140798423732E-6 -0.03432034250480509 -0.017633597859112265 0.9999999889013087 ...
   -0.00014898786086545396 2.2166245143892556E-11;
   0.02590829234983125 -0.048379360490737169 0.012962165338899568 3.8560844487895029E-5 ...
   0.25881884099002056 0.9659258802111288];

drake_r_lower_leg_X_urdf_r_lower_leg_acc_mtb_11B11 = ...
  [0.00011214678054788374 0.96592587361551707 0.25881884418102141 0 0 0 ...
   ;
   0.99999999326005051 -0.00011610296707156713 3.0950574930085137E-10 0 ...
   0 0;
   3.0049934703130403E-5 0.25881884243656067 -0.96592588012579939 0 0 0 ...
   ;
   0.055873107461249683 -0.025777855978934026 0.09618013767906014 0.00011214678054788374 ...
   0.96592587361551707 0.25881884418102141;
   -6.8209743993481055E-6 -0.05874934537288503 0.0033668859056667846 0.99999999326005051 ...
   -0.00011610296707156713 3.0950574930085137E-10;
   0.018468766666976191 0.0961779940313928 0.025771368777349556 3.0049934703130403E-5 ...
   0.25881884243656067 -0.96592588012579939];

drake_r_lower_leg_X_urdf_r_lower_leg_acc_mtb_11B8 = ...
  [-2.8087842616236765E-5 -0.24192196258252197 0.97029570916875341 0 0 ...
   0;
   0.99999999326002131 -0.00011610321939275567 -7.8605622643455675E-11 ...
   0 0 0;
   0.00011265447461395478 0.9702957026289788 0.24192196421306203 0 0 0;
   -0.0030264316309811974 -0.010607891681383373 -0.0026449328345036134 ...
   -2.8087842616236765E-5 -0.24192196258252197 0.97029570916875341;
   -6.0707485628967817E-6 -0.052287505669907676 -0.0099189309710212975 ...
   0.99999999326002131 -0.00011610321939275567 -7.8605622643455675E-11;
   0.053133642557494982 -0.00265110183956878 0.010608242984165225 0.00011265447461395478 ...
   0.9702957026289788 0.24192196421306203];

drake_r_lower_leg_X_urdf_r_lower_leg_acc_mtb_11B9 = ...
  [3.9709492851591748E-5 0.34201994350112669 0.93969269267704869 0 0 0;
   0.99999999326006128 -0.00011610287416777607 6.2565459211950678E-12 0 ...
   0 0;
   0.00010910102459411059 0.93969268634357717 -0.34201994580631945 0 0 ...
   0;
   0.027954907010075684 -0.010276905923354852 0.0037393040676754136 3.9709492851591748E-5 ...
   0.34201994350112669 0.93969269267704869;
   -7.0508697241019747E-6 -0.060729501960755036 -0.0076465412006922889 ...
   0.99999999326006128 -0.00011610287416777607 6.2565459211950678E-12;
   0.054452233776883539 0.0037329820318142172 0.010273660209378865 0.00010910102459411059 ...
   0.93969268634357717 -0.34201994580631945];

drake_r_upper_leg_X_urdf_r_hip_3 = ...
  [4.8965774177691173E-12 -1 -4.9789986482367035E-17 0 0 0;
   1 4.8965774177691181E-12 4.8962443508379306E-12 0 0 0;
   -4.8962443508619083E-12 -4.9789986480751448E-17 1 0 0 0;
   0.018000000000000047 8.813839351827318E-14 -4.3368105459260538E-18 4.8965774177691173E-12 ...
   -1 -4.9789986482367035E-17;
   -8.8138393519281344E-14 0.018000000000000047 1.6467762545359641E-18 ...
   1 4.8965774177691181E-12 4.8962443508379306E-12;
   0 -8.8129156750049731E-14 2.0194839173657902E-28 -4.8962443508619083E-12 ...
   -4.9789986480751448E-17 1];

drake_r_upper_leg_X_urdf_r_upper_leg = ...
  [1 1.0530116169055352E-16 -5.7211889048778031E-18 0 0 0;
   5.7211889037624971E-18 3.3878812009046447E-16 1 0 0 0;
   1.0530111373669621E-16 -1 3.3878809611293283E-16 0 0 0;
   1.5710764461764418E-24 4.3368088651715735E-18 5.7835693150185228E-17 ...
   1 1.0530116169055352E-16 -5.7211889048778031E-18;
   -5.7581617683653865E-17 -1.6467813425789462E-18 5.6310944610070935E-25 ...
   5.7211889037624971E-18 3.3878812009046447E-16 1;
   -3.4694469519536142E-18 -1.8301573001127474E-28 0 1.0530111373669621E-16 ...
   -1 3.3878809611293283E-16];

drake_r_upper_leg_X_urdf_r_upper_leg_acc_mtb_11B1 = ...
  [-7.76955402527259E-5 -0.66913061502459525 -0.74314481361320839 0 0 0 ...
   ;
   0.00034281643012940585 -0.74314479001039668 0.669130557931185 0 0 0;
   -0.99999993822014743 -0.0002027737918739894 0.00028712800467887566 0 ...
   0 0;
   -0.042049798789761138 -0.031611504893817574 0.02846752396807908 -7.76955402527259E-5 ...
   -0.66913061502459525 -0.74314481361320839;
   -0.031561693969374159 0.028449047979795486 0.031612039539183047 0.00034281643012940585 ...
   -0.74314479001039668 0.669130557931185;
   -7.5527858875387325E-6 0.051603929756706454 0.010138819773757343 -0.99999993822014743 ...
   -0.0002027737918739894 0.00028712800467887566];

drake_r_upper_leg_X_urdf_r_upper_leg_acc_mtb_11B2 = ...
  [-0.00011214968573281542 -0.96592584352636091 -0.25881895647408903 0 ...
   0 0;
   0.00039902633439240518 -0.25881898072274129 0.9659257611201939 0 0 0 ...
   ;
   -0.99999991410021272 5.0526910777886136E-6 0.00041445631598698875 0 ...
   0 0;
   -0.053400930394144966 -0.0084480992845126172 0.031551886447569316 -0.00011214968573281542 ...
   -0.96592584352636091 -0.25881895647408903;
   -0.0083802384897830838 0.031529793745644227 0.0084518431375348278 0.00039902633439240518 ...
   -0.25881898072274129 0.9659257611201939;
   2.6449619428326947E-6 0.053763836821564708 0.0057263203996931605 -0.99999991410021272 ...
   5.0526910777886136E-6 0.00041445631598698875];

drake_r_upper_leg_X_urdf_r_upper_leg_acc_mtb_11B3 = ...
  [-0.00011610326394745924 -0.99999999326001465 4.9818751464866175E-8 0 ...
   0 0;
   0.00042908997723712467 -5.7605232757200819E-18 0.99999990794089144 0 ...
   0 0;
   -0.99999990120090676 0.00011610327463579834 0.0004290899743450646 0 ...
   0 0;
   -0.053829436941357584 6.24965350840562E-6 -0.0024059025496133506 -0.00011610326394745924 ...
   -0.99999999326001465 4.9818751464866175E-8;
   -0.015068880526064091 -0.0024272504698243523 6.4659061971633466E-6 0.00042908997723712467 ...
   -5.7605232757200819E-18 0.99999990794089144;
   -2.1613229792591637E-7 0.05382839963719737 -0.015068601294461803 -0.99999990120090676 ...
   0.00011610327463579834 0.0004290899743450646];

drake_r_upper_leg_X_urdf_r_upper_leg_acc_mtb_11B4 = ...
  [2.5807323379861516E-5 -0.37460671699616249 0.92718380427795377 0 0 0 ...
   ;
   0.00036516753974558688 0.92718374629826139 0.3746066834067287 0 0 0;
   -0.99999993299332268 0.00032890983288119387 0.00016072234399089585 0 ...
   0 0;
   -0.03417403216522983 -0.01061335974917871 -0.0042871261267718817 2.5807323379861516E-5 ...
   -0.37460671699616249 0.92718380427795377;
   0.0414998929453683 -0.0043062679965596507 0.01061792930023437 0.00036516753974558688 ...
   0.92718374629826139 0.3746066834067287;
   1.4272474463634597E-5 0.05127800992663066 -0.016135703995901161 -0.99999993299332268 ...
   0.00032890983288119387 0.00016072234399089585];

drake_r_upper_leg_X_urdf_r_upper_leg_acc_mtb_11B5 = ...
  [-0.00011610326394745924 -0.99999999326001465 4.9818751464866175E-8 0 ...
   0 0;
   0.00042908997723712467 -5.7605232757200819E-18 0.99999990794089144 0 ...
   0 0;
   -0.99999990120090676 0.00011610327463579834 0.0004290899743450646 0 ...
   0 0;
   -0.05382943694135759 6.24965350840562E-6 -0.0024059025496133688 -0.00011610326394745924 ...
   -0.99999999326001465 4.9818751464866175E-8;
   0.014431116559362651 -0.0024306755164261039 -6.1922480460160578E-6 0.00042908997723712467 ...
   -5.7605232757200819E-18 0.99999990794089144;
   1.244202203056926E-5 0.05382839963719737 0.014431395989794496 -0.99999990120090676 ...
   0.00011610327463579834 0.0004290899743450646];

drake_r_upper_leg_X_urdf_r_upper_leg_acc_mtb_11B6 = ...
  [4.8966305236307493E-12 -1.0000000000000002 2.0472774792663021E-13 0 ...
   0 0;
   -0.00042908998024912456 -2.0682880523859778E-13 -0.99999990794089033 ...
   0 0 0;
   0.99999990794089033 4.89649168792816E-12 -0.00042908998024912461 0 0 ...
   0;
   -0.043740483014918993 -2.0877728358335079E-13 0.026383771031859352 4.8966305236307493E-12 ...
   -1.0000000000000002 2.0472774792663021E-13;
   0.015759398549332768 -0.02636499999992277 -6.76220062934041E-6 -0.00042908998024912456 ...
   -2.0682880523859778E-13 -0.99999990794089033;
   6.7622008489744563E-6 -0.043751799999996753 0.015759398549212614 0.99999990794089033 ...
   4.89649168792816E-12 -0.00042908998024912461];

drake_r_upper_leg_X_urdf_r_upper_leg_acc_mtb_11B7 = ...
  [-0.00011610326415403457 -0.99999999326001632 -1.041401482692517E-12 ...
   0 0 0;
   -0.00042908997723712478 4.9819788710191563E-8 -0.99999990794089055 0 ...
   0 0;
   0.99999990120090709 -0.00011610325346519182 -0.00042908998012930531 ...
   0 0 0;
   -0.04374048229102203 5.0784127764092483E-6 0.02638477103176207 -0.00011610326415403457 ...
   -0.99999999326001632 -1.041401482692517E-12;
   -0.016241659574303735 -0.02636411446800184 6.9678205238701455E-6 -0.00042908997723712478 ...
   4.9819788710191563E-8 -0.99999990794089055;
   -1.2047547296977268E-5 -0.043751798896109965 -0.016238598505134517 0.99999990120090709 ...
   -0.00011610325346519182 -0.00042908998012930531];

drake_root_link_X_X_urdf_r_foot = ...
  [-2.1078321044092672E-8 0.99999999999999978 5.4041362050119934E-12 0 ...
   0 0;
   2.4078899996350736E-5 -4.8965934189336725E-12 0.99999999971010334 0 ...
   0 0;
   0.99999999971010312 2.1078321168107788E-8 -2.4078899996350627E-5 0 0 ...
   0;
   0.558836926985198 1.1779545481089539E-8 -0.037253465441353023 -2.1078321044092672E-8 ...
   0.99999999999999978 5.4041362050119934E-12;
   0.073899999977411659 0.037240010809762157 -1.7794305273530765E-6 2.4078899996350736E-5 ...
   -4.8965934189336725E-12 0.99999999971010334;
   -1.7676513655405657E-6 -0.55883782384530023 -0.073900000765388579 0.99999999971010312 ...
   2.1078321168107788E-8 -2.4078899996350627E-5];

